-2.236000001430511475e+00 -6.119341508917134492e-03 5.943665789989657777e-02 3.342590804471147481e-02 6.329267748137219762e-02 7.461072132509982170e-03 5.768923696862039013e-02 5.913582282046364602e-02 5.371025725624227476e-02 9.390346148876796417e-02 1.172668713730510570e-01
-2.172000005841255188e+00 2.443962451115975348e-02 5.683702642897577040e-02 -5.649216334323640953e-02 6.441926140158425740e-02 -5.235564136409136954e-02 5.995628760010748848e-02 -1.098216864874967669e-01 5.336362071462204260e-02 -1.942298666836647925e-01 1.175700695388693512e-01
-2.107999995350837708e+00 -8.909636736245041266e-02 5.976978538099769755e-02 1.729914773697848462e-01 6.175625951484352977e-02 6.100150544109517355e-03 6.084939019056891107e-02 1.005769065247428262e-01 5.430973443445650389e-02 1.905721670761867936e-01 1.184840005007449099e-01
-2.043999999761581421e+00 -3.500506958982648603e-02 6.282947935650362581e-02 1.325497052874387467e-02 5.989621104961605214e-02 -2.386082347502738177e-02 5.945462932653148430e-02 -8.996022569756502441e-02 5.983414127636111496e-02 -1.355711482336750262e-01 1.210375023905577024e-01
-1.980000004172325134e+00 2.012539736251163502e-02 5.907847353526576861e-02 9.321983984143715138e-03 5.975515770603839066e-02 5.161412986785318679e-02 6.259808422767264291e-02 -4.000744516506907905e-02 5.453266971846115752e-02 4.105406604943945964e-02 1.181239904648000993e-01
-1.916000008583068848e+00 -3.775630610575075874e-02 5.955221110821452141e-02 9.974523235429248735e-02 6.117257720776222985e-02 1.070100156143300313e-01 6.149018387561349525e-02 8.709758959040556081e-02 5.017077768978821239e-02 2.560965314532773207e-01 1.165619993701716151e-01
-1.851999998092651367e+00 4.063638330468400534e-02 5.872891960683525314e-02 3.682440880348294976e-02 6.382966141172607966e-02 -1.092069854581323267e-02 5.725438826204417436e-02 2.620244995836285354e-02 5.770928063837805350e-02 9.274254352071656382e-02 1.188769856666196251e-01
-1.788000002503395081e+00 4.771269666137168547e-02 6.520490820619730121e-02 5.916516397066353544e-02 6.729255900945882440e-02 5.365362044405631164e-02 6.098382783547724034e-02 2.374889006054754087e-02 5.361109364749761658e-02 1.842803711366390595e-01 1.239884880614648133e-01
-1.724000006914138794e+00 -1.249857838596434567e-01 6.132726929933367960e-02 1.724859385916324706e-01 6.814995464286068005e-02 -1.296736367830471914e-01 5.980674256400846101e-02 2.077534626825821781e-02 5.388175121588069383e-02 -6.139813578279995632e-02 1.220063106881959791e-01
-1.659999996423721313e+00 4.882319692215873752e-02 5.497783873981301750e-02 5.041938490559624148e-02 6.146538666223808761e-02 7.332317815088312818e-02 5.952324184624945697e-02 3.594935368542858528e-02 6.227783865317824963e-02 2.085151136640666925e-01 1.192564548242053268e-01
-1.596000000834465027e+00 -1.107474639154018697e-01 5.934650491726074090e-02 7.946439082041359403e-02 6.310320404399817618e-02 1.080274467340816974e-01 6.130105106019197170e-02 -6.493266617584387418e-03 5.212850773035040269e-02 7.025110702150903774e-02 1.182337607698849546e-01
-1.532000005245208740e+00 2.026202612201925823e-02 5.836733263586439679e-02 1.500890951487815830e-02 6.853206164815414669e-02 6.039429515271932392e-02 6.291893662395402209e-02 5.855985897789594413e-02 5.783097063853328418e-02 1.542250897675126742e-01 1.241233368213088412e-01
-1.467999994754791260e+00 -3.985485479820247146e-02 5.798333509584346207e-02 2.703331387422720430e-02 6.729617757969764968e-02 1.062919784026715442e-01 6.003317771579740059e-02 5.040980959905481083e-03 4.945672994404750472e-02 9.851141843860175551e-02 1.180711363081173720e-01
-1.403999999165534973e+00 4.990068664747494831e-02 5.565714543565061095e-02 2.789017512994331968e-02 6.307367365832232398e-02 -3.713605963323248242e-04 5.675939210549550695e-02 -4.504606093232525060e-02 5.328023023576444750e-02 3.237344024876070286e-02 1.146142123515367650e-01
-1.340000003576278687e+00 -2.806624732602172947e-02 5.769538152365984857e-02 1.966363150688729688e-02 6.752882022501514869e-02 2.975788593766634516e-02 5.524415878437629462e-02 5.992858767645990042e-02 5.443699032120450504e-02 8.128385779499180952e-02 1.179160786541317146e-01
-1.276000007987022400e+00 4.085593167442228002e-02 6.026870908429281248e-02 -8.187516971342834876e-03 6.774059923180925091e-02 -1.498351115371213821e-02 6.476153684590833792e-02 1.762277138033880447e-02 5.469546668016989077e-02 3.530767492970611487e-02 1.241239574335963325e-01
-1.211999997496604919e+00 -5.739930563730902963e-02 6.092516788816412093e-02 -5.448059669834873914e-02 6.014878060745900562e-02 -3.421486154210501979e-02 6.405304038792537791e-02 -4.349018657610474736e-02 5.167859244389833018e-02 -1.895849504538675290e-01 1.187569820713079843e-01
-1.148000001907348633e+00 5.012262449466060692e-03 5.800339394603670762e-02 9.300993311451469236e-02 6.367135361256931469e-02 4.187212899524803827e-02 5.825440461942174575e-02 1.137334064661218828e-02 5.720967258363533758e-02 1.512676652058409787e-01 1.186800626676866588e-01
-1.084000006318092346e+00 4.161336451333618811e-06 6.424716930456975117e-02 -6.718275535623931261e-02 6.121130881488562325e-02 1.211407967004470357e-02 5.497097145324206235e-02 3.217946147855706845e-02 5.602792935700685178e-02 -2.288505287118621639e-02 1.184713453161913288e-01
-1.019999995827674866e+00 1.051263300208998136e-02 6.343487134529963989e-02 7.921002104029621627e-02 6.253853792741245754e-02 1.683742393074323662e-01 6.258978416094002073e-02 -6.612013147805727298e-02 5.632910209722339495e-02 1.919767618717612701e-01 1.225785480950300627e-01
-9.560000002384185791e-01 4.944914372105887329e-02 6.100282798040472521e-02 6.328967027874392304e-02 6.784407187377430870e-02 1.159997851524960655e-01 5.954886683496601191e-02 8.671072884450695128e-03 5.471568983886580806e-02 2.374096720367495639e-01 1.219181584748235125e-01
-8.920000046491622925e-01 3.723031277835541809e-04 6.236767428252876916e-02 1.059333732199443587e-02 6.671876306537491419e-02 7.642559037376535358e-02 6.485714756345840881e-02 -7.343540295163152043e-02 5.966893554022328905e-02 1.395582787191182450e-02 1.269171052260363308e-01
-8.279999941587448120e-01 2.919709182117579196e-02 6.457922137609965751e-02 -2.037149554531806489e-02 6.601084347655587770e-02 3.237202768818157189e-02 6.408572332224511670e-02 -2.227141746415230161e-02 5.875329531333171873e-02 1.892620649988699388e-02 1.268338950515222607e-01
-7.639999985694885254e-01 1.331519276596127010e-01 6.420952419072958883e-02 2.076639595315182829e-02 6.440620009296270376e-02 -6.888696892671437866e-02 6.331550854944172080e-02 -5.693040806553072153e-02 6.399088755786851157e-02 2.810094662051942915e-02 1.279637015740512085e-01
-7.000000029802322388e-01 -9.387700315275427851e-03 5.984656772684734949e-02 1.458015156851411309e-01 6.094566059609748954e-02 3.236809599157751405e-02 5.998667577292084857e-02 1.226356902547201186e-02 5.423791057622827372e-02 1.810454803869152307e-01 1.176271117903491814e-01
-6.360000073909759521e-01 6.499013654604830943e-03 5.920776733400814895e-02 6.299712583434161940e-03 6.153823271363602354e-02 4.902985546846601317e-02 6.012081403298619869e-02 8.967842948110062856e-03 5.338696641788184122e-02 7.079642465461506717e-02 1.172910664180721735e-01
-5.719999969005584717e-01 -2.397207293123669591e-02 6.510387696902042443e-02 3.300272982794397875e-02 6.587740856021273572e-02 -3.575817043945209855e-02 6.181638495687178519e-02 -3.010412059715676485e-03 5.233675001243470043e-02 -2.973792560246049307e-02 1.230396220979517868e-01
-5.080000013113021851e-01 1.611546454591686675e-02 5.618716186833537518e-02 1.450819665379127488e-01 6.435667529094182826e-02 -2.896877884798096728e-02 6.344957226160918839e-02 6.015865772822730911e-02 5.768465432798573073e-02 1.923873099640759643e-01 1.210460506519837331e-01
-4.440000057220458984e-01 -1.083664686595534749e-02 6.127803293947994834e-02 3.623604024103059280e-03 6.463545045967065972e-02 1.265011989415869287e-01 6.318421973883402154e-02 4.085547376690101817e-02 5.315934198977794595e-02 1.601436298666356617e-01 1.214532833720355226e-01
-3.799999952316284180e-01 4.567349714791809484e-02 6.113000506470040590e-02 1.221084650308771891e-01 6.606611598004587249e-02 9.495210969025902337e-02 6.060380703791443113e-02 1.023332898428935961e-01 6.214592971638898539e-02 3.650673617119478687e-01 1.250461803003286299e-01
-3.159999996423721313e-01 -1.797752993134309500e-03 6.183828020431980654e-02 1.100395659343422761e-01 6.650355639126899476e-02 8.101759487158394224e-02 5.913497140456600715e-02 1.136929351214992917e-02 5.751888423932034755e-02 2.006287013249418438e-01 1.226868485147036419e-01
-2.520000040531158447e-01 -4.116358345524842588e-02 6.643775963223688685e-02 4.900112528203227902e-02 5.898240882195284612e-02 -2.401014493274737389e-03 6.351280025936027751e-02 4.957920882915806647e-03 5.242420394145635293e-02 1.039444821642492370e-02 1.211407173953979455e-01
-1.880000084638595581e-01 2.187079175813254617e-01 6.062701972844628667e-02 1.329894883064402789e-01 6.536273529526866188e-02 3.321667956196328736e-02 6.756555902150765403e-02 -6.908570306112618055e-03 5.581126763182758105e-02 3.780055151436164107e-01 1.250116996404460334e-01
-1.239999979734420776e-01 9.696907485004305216e-02 6.078798244213064889e-02 1.420883315000149028e-01 6.646941935366244836e-02 1.060936616231058782e-01 6.614746915227359692e-02 -3.091354955906422744e-02 5.861603048348164313e-02 3.142375184140996369e-01 1.261930632938643715e-01
-6.000000238418579102e-02 2.651969541903457725e-02 6.657030796083772406e-02 1.596868249545649876e-01 6.473399695672532594e-02 9.942160133798495780e-02 6.126733559338413265e-02 2.681207852181901816e-02 5.469719860807659151e-02 3.124402002334035200e-01 1.239659881188297091e-01
3.999993205070495605e-03 -9.435221175133569338e-02 6.021091917613116684e-02 1.246874752443696416e-01 6.619135199693748639e-02 1.060572716915278990e-01 6.313849344940834774e-02 -1.204328045689157488e-02 5.759157052295234280e-02 1.243492547276702775e-01 1.237332138820383814e-01
6.800000369548797607e-02 3.091645115467258828e-02 6.277086745305501814e-02 2.389775452441547376e-01 6.758033623385820143e-02 -6.769211382766126758e-03 6.065230758978088638e-02 1.503316024632931625e-01 5.970582906487281738e-02 4.134563874793543148e-01 1.255020800089764743e-01
1.319999992847442627e-01 1.197085318060851084e-02 6.607757632485766752e-02 1.671070976564269922e-02 6.816582266173619453e-02 2.148078266088160604e-01 6.318973643274790331e-02 -2.876168600329994610e-03 6.235928680090910975e-02 2.406132209547372780e-01 1.299786479114044546e-01
1.959999948740005493e-01 4.859414759529966099e-03 6.939715039363723859e-02 1.406475675920183521e-01 6.771015303726730938e-02 1.367636164780718089e-01 6.710738702235950759e-02 3.391085192321324077e-03 5.871390515639494934e-02 2.856616840219414755e-01 1.317245359026561757e-01
2.600000053644180298e-01 -5.673153164714671987e-02 6.222926850694644046e-02 1.031993711142188686e-01 6.593602531479900164e-02 8.033911156283785049e-02 6.570818994065152907e-02 -2.765037118114946346e-02 5.559384017786468679e-02 9.915657984876052877e-02 1.250131296473380449e-01
3.240000009536743164e-01 2.019923379213035830e-02 5.807002083753940586e-02 1.967092627839950592e-01 6.480783634527477466e-02 8.524224545944035503e-02 6.530130308302277420e-02 1.403697084575969978e-01 5.786204080425200874e-02 4.425204504931627980e-01 1.232252365475591388e-01
3.879999965429306030e-01 1.012327886399334992e-01 6.113608824082489984e-02 1.700644752596582876e-01 6.859798030443414740e-02 1.870877968945869885e-01 6.450184705258620033e-02 5.423601886127426414e-02 5.739127064523932148e-02 5.126210796554530047e-01 1.260854884858197966e-01
4.519999921321868896e-01 9.391235872788265826e-02 6.521579933540057328e-02 1.248116455944916076e-01 6.826346247339745710e-02 2.672642088088624246e-01 6.655381420275777171e-02 -3.298280669142926447e-02 5.806747516809072224e-02 4.530054064398074121e-01 1.292835745527799451e-01
5.160000026226043701e-01 2.015361492585492076e-02 6.420450783473589940e-02 1.040484021444824242e-01 6.675073969851910705e-02 -2.490549859549133840e-02 6.315126745834742650e-02 6.896460056474240739e-04 5.600644565289176341e-02 9.998616448049343908e-02 1.253103531750915101e-01
5.799999982118606567e-01 2.959648057345967698e-02 6.116968391983621661e-02 2.249713975342535477e-01 6.919395061284122628e-02 3.012547391063586516e-02 7.046344700086829005e-02 2.801137439470485768e-02 5.617878569971756358e-02 3.127047264130539128e-01 1.290375385622491711e-01
6.439999938011169434e-01 1.436572996942634683e-01 6.435060557718479124e-02 1.936410350054125762e-01 6.809243347706088467e-02 1.857514573669356572e-01 6.514189668116975029e-02 5.944286511234399273e-02 5.593007822009046087e-02 5.824926571789557084e-01 1.270795824981495459e-01
7.080000042915344238e-01 -4.499784122521661295e-02 5.833000202090527636e-02 2.027588936002190367e-01 6.914297030180045767e-02 1.542145823434127039e-01 6.805326842330934600e-02 1.031185849631002932e-01 5.260215025256587823e-02 4.150942196815154417e-01 1.248253701464689530e-01
7.719999998807907104e-01 1.211513772367350250e-01 6.355198949043891488e-02 1.252937414070138811e-01 6.902516174760812973e-02 1.467545915562128156e-01 6.579508470449423052e-02 8.714180889922564649e-03 5.934001323296970998e-02 4.019138910898842343e-01 1.290486678127167330e-01
8.359999954700469971e-01 1.407116965723453350e-01 6.182498033673523852e-02 1.021883718579526396e-01 6.684717443029451756e-02 1.939511114690826710e-01 6.846229604258978474e-02 3.189664995152036164e-02 5.749206173996269237e-02 4.687478298509010211e-01 1.276060189234301256e-01
9.000000059604644775e-01 8.647977704467083027e-02 6.750883856148114093e-02 1.687958473063580489e-01 7.184800167025168216e-02 2.347357731660029700e-01 7.157239382225806523e-02 1.357307140672270040e-01 5.429108049603455222e-02 6.257421115842588533e-01 1.333780626894989774e-01
9.640000015497207642e-01 1.637372691504273836e-01 6.295161245207993306e-02 3.013523972666529160e-01 7.302119863612113737e-02 2.544747382614535036e-01 6.952260910721855258e-02 -3.319865683896176811e-02 5.527178815449541177e-02 6.863657478395720490e-01 1.310853336702594296e-01
1.027999997138977051e+00 2.074876491952492019e-01 6.692385340590037424e-02 2.148517437590949097e-01 6.461702856978644716e-02 1.236417605032534422e-01 7.195486668650222239e-02 5.141836160430596214e-02 5.343567246651203390e-02 5.973995150619035854e-01 1.291783126832971862e-01
1.091999992728233337e+00 1.285861570977382511e-02 6.387365124495132662e-02 2.985843342995578853e-01 7.089782865857180427e-02 1.254623843364890690e-01 6.737288644931388459e-02 -4.919141066838240983e-02 6.250273588447308182e-02 3.877139236774383990e-01 1.324841245335388051e-01
1.156000003218650818e+00 1.318173426166399098e-01 6.484862990286317797e-02 1.298488435526687357e-01 6.751036547696831480e-02 3.727846085555711064e-01 7.331388369654499859e-02 8.809777063937342112e-02 6.117807331691772071e-02 7.225485653642531592e-01 1.337186465851080974e-01
1.219999998807907104e+00 7.166088019294662714e-02 6.016973060827063291e-02 3.059351741105274525e-01 7.003499977416437206e-02 2.166097449436425737e-01 7.156076422965680639e-02 4.235991436632036145e-02 5.662777018759766745e-02 6.365657136134370564e-01 1.298188931103287924e-01
1.283999994397163391e+00 1.430634053897882618e-01 6.810657711975538764e-02 3.315353997533818098e-01 7.409199280519780662e-02 3.649211066338118870e-01 7.168126868139712560e-02 5.402371485625487302e-02 6.344399928108178377e-02 8.935436266332369426e-01 1.388937528089986551e-01
1.348000004887580872e+00 4.340813577407052343e-02 6.106963430345031113e-02 2.036835449572543533e-01 7.070311870185189140e-02 2.610596599062607881e-01 7.244997706834542528e-02 5.562307582711736864e-02 6.007868067283214653e-02 5.637744164647030543e-01 1.326155280376971057e-01
1.412000000476837158e+00 1.253383756503937407e-01 6.565426688441379499e-02 3.856407312451604619e-01 7.036945823310958303e-02 1.871362324472741478e-01 7.223231934196072679e-02 4.973020178659864898e-02 6.357700569317285832e-02 7.478455411294271382e-01 1.360951395993990620e-01
1.475999996066093445e+00 1.577794811134753949e-01 6.468108370571250265e-02 1.001944188119703316e-01 7.403361836982852440e-02 1.111560058958258462e-01 6.974202506571006155e-02 -5.156134764473153248e-02 6.061809585153912772e-02 3.175685581765400611e-01 1.349189491628485504e-01
1.539999991655349731e+00 1.156368596120659481e-01 6.886045420122763328e-02 1.717401959152517477e-01 7.767829663111715244e-02 2.648490422875066086e-01 7.601468844254841151e-02 6.272187071843401962e-02 5.367932703846091391e-02 6.149479685332583934e-01 1.394108422276794657e-01
1.604000002145767212e+00 1.123671571382154899e-01 6.549134060829878146e-02 3.430523804395417820e-01 7.333540112167465097e-02 1.932924601164172085e-01 7.381247226241256787e-02 -1.687193561676592068e-02 5.665731816356887190e-02 6.318400620774085041e-01 1.353718195021638149e-01
1.667999997735023499e+00 1.142771969562660361e-01 6.505530734903636203e-02 2.141325750240389569e-01 7.314162312277636135e-02 2.237241738692158644e-01 7.451265177055636790e-02 8.305122329972686179e-02 6.041465112319967939e-02 6.351851691492476082e-01 1.370545708523797090e-01
1.731999993324279785e+00 1.443245261885615915e-01 6.825564479334551848e-02 2.626082941086165801e-01 7.450100605021725553e-02 2.981014193280163149e-01 7.221224304828012530e-02 3.027427907753237404e-02 5.786784868075495886e-02 7.353085187027268432e-01 1.370128786123862852e-01
1.796000003814697266e+00 2.178179110443591304e-01 6.643456438346140303e-02 2.384329832106836800e-01 7.185262807203741942e-02 2.514083346553654397e-01 7.094621709515480656e-02 4.998287899695937064e-02 5.581657686458720014e-02 7.576421079073676346e-01 1.331360487571718043e-01
1.859999999403953552e+00 9.402167030232547185e-02 6.528256239768435998e-02 3.597212202423552552e-01 6.947597023732432486e-02 3.149501668019991651e-01 7.371720391835016872e-02 4.859914475033410425e-02 5.725579100041694458e-02 8.172922020970140311e-01 1.334210446303287501e-01
1.923999994993209839e+00 1.359917784002736933e-02 6.493873118420707968e-02 2.759827073262272057e-01 7.452960924198387405e-02 3.678463450754943520e-01 6.876906522937223376e-02 7.334231812714051002e-02 6.167254259302852593e-02 7.307705483688894388e-01 1.352937112507011097e-01
1.988000005483627319e+00 2.047897280506755791e-01 6.705315960657973196e-02 8.928656122245216820e-02 7.109064304030232595e-02 3.250906352925447829e-01 7.270100096007477142e-02 5.192473902322856244e-02 5.661445470049529527e-02 6.710916635889011550e-01 1.343154412669681497e-01
2.052000001072883606e+00 9.620879775898803776e-02 6.220735345793107496e-02 5.027252683731636695e-01 7.906036275948902237e-02 3.429647489136840033e-01 7.328236840183607881e-02 5.126620172822318050e-02 6.145220002554717398e-02 9.931650167740588842e-01 1.388055265126869886e-01
2.115999996662139893e+00 1.005773971096826647e-01 6.645435990126123682e-02 2.070721435438162006e-01 7.502886894601400181e-02 3.437263394830445962e-01 7.495492927692808116e-02 6.106808668975747395e-02 6.091832975472079997e-02 7.124439668263009562e-01 1.391933814813717807e-01
2.179999992251396179e+00 1.482041355166111851e-01 7.026346425778290383e-02 2.978348034092046515e-01 7.706330422181588424e-02 1.798472114515241582e-01 7.217264994618514951e-02 3.487249441562143004e-02 5.531564756694654778e-02 6.607586447929614248e-01 1.383633605153260782e-01
2.244000002741813660e+00 2.289601365799815713e-01 6.992186000429197190e-02 3.019015004265787616e-01 7.998168590201550077e-02 2.695107495190509628e-01 7.769267804991102089e-02 -2.337727953079068652e-02 5.130355835094790873e-02 7.769951069948205502e-01 1.412598453497125872e-01
2.307999998331069946e+00 1.686537630002374333e-01 6.260622087983082340e-02 1.920348666603051424e-01 7.246687322005639087e-02 4.174301815374708013e-01 7.501124423629160209e-02 7.476911846568227993e-02 5.391546758544044776e-02 8.528879296636956431e-01 1.330584496151190066e-01
2.371999993920326233e+00 1.487039272008996993e-01 6.871096971313757351e-02 4.037970092736006267e-01 7.718998912064799212e-02 2.518441081116308267e-01 6.804484234353873340e-02 1.434854205954547712e-01 6.364922299258814198e-02 9.478304651815859794e-01 1.391431490820971562e-01
2.436000004410743713e+00 1.126060459416533960e-01 6.666025597807696823e-02 3.241860496664147329e-01 7.701142902426823256e-02 3.198548237177820663e-01 7.120623872852596681e-02 7.154715177264345249e-02 5.715912842663289917e-02 8.281940710984937448e-01 1.367912435932168713e-01
2.500000000000000000e+00 8.053145006741821432e-02 6.509549372274352208e-02 2.314384756750889061e-01 6.962032009489661777e-02 1.972733895983886931e-01 6.812940141747390876e-02 1.664709941844348395e-01 5.716866950570725914e-02 6.757143095253306253e-01 1.303621278733961275e-01
2.563999995589256287e+00 1.856959395980576355e-01 6.949586315356115485e-02 3.131952278379177002e-01 7.200541470161340996e-02 3.082511803064264533e-01 7.150148419795926413e-02 7.235815722115646401e-03 5.326927440231477018e-02 8.143781634645174128e-01 1.340318342024384435e-01
2.627999991178512573e+00 1.658791832047271375e-01 6.598015245511405780e-02 2.021466211492493614e-01 7.239234058802861138e-02 2.763782632399779948e-01 7.456009342748949609e-02 8.225246512369920049e-02 5.867572653324697879e-02 7.266565327176536249e-01 1.363674444650686268e-01
2.692000001668930054e+00 2.039442475316530501e-01 6.903029891050457834e-02 2.025812177841265771e-01 6.983130789163630170e-02 2.279365345382530772e-01 7.618982424343670457e-02 -1.579307218909198340e-02 5.434050152216939045e-02 6.186689276649406377e-01 1.356442890558123837e-01
2.755999997258186340e+00 5.882636422836783757e-02 6.737454936262671223e-02 2.285001043337328563e-01 7.605658773920012661e-02 1.913808595285234337e-01 7.238809326778396225e-02 5.864824946825285962e-02 5.803998571564168013e-02 5.373555775588769734e-01 1.375958227169885861e-01
2.819999992847442627e+00 2.612490823916895910e-01 6.089039950389523587e-02 1.648276779044814400e-01 6.920957289733116469e-02 3.056954193890258908e-01 7.358569638505793598e-02 2.927454169880677141e-03 5.839160751848384429e-02 7.346996338550776384e-01 1.316132222591694934e-01
2.884000003337860107e+00 1.235973672906098830e-01 6.683251213550028824e-02 2.159556708400947878e-01 7.120590470746948619e-02 2.519433884344725039e-01 7.449040262825809555e-02 1.199822007631234921e-01 5.855435338277553692e-02 7.114786273283006945e-01 1.360672551620924486e-01
2.947999998927116394e+00 9.669025207305614877e-02 6.813870558722910642e-02 2.228488049275061111e-01 7.768587677549711190e-02 2.026473945225578666e-01 7.140592420593686040e-02 5.540903620321853407e-02 5.985146486795735188e-02 5.775954877263387299e-01 1.391365606446599845e-01
3.011999994516372681e+00 3.717200633732518217e-02 6.030443955478224927e-02 1.903732985403867872e-01 7.262923288373163144e-02 2.351575234298050043e-01 7.492604976757999413e-02 6.638037746476793677e-02 5.692889277682651461e-02 5.290832057722849591e-01 1.332908198859358573e-01
3.076000005006790161e+00 6.570065902346472475e-02 6.426332475413497336e-02 2.192850883909471527e-01 7.561223191431633295e-02 2.408796544228463954e-01 7.074159584641005749e-02 8.788901399344961618e-02 6.168756284726283762e-02 6.137544158307078890e-01 1.365895798238342673e-01
3.140000000596046448e+00 1.006555185799192786e-01 6.558303947860857908e-02 2.968639555680914199e-01 7.148403600981134698e-02 2.368869816013197405e-01 7.212200613966328333e-02 7.363802211372195983e-02 6.122081655988656501e-02 7.080444778630523572e-01 1.355015668594782008e-01
3.203999996185302734e+00 2.176121119830387585e-01 6.709312853502354124e-02 3.326221952863532283e-01 7.249008084721861311e-02 2.520313290957043040e-01 7.304932337469742520e-02 3.773494391448364849e-02 5.701724366355774565e-02 8.400005802795800225e-01 1.354380649534838443e-01
3.267999991774559021e+00 2.656896490159330049e-01 6.959615968013621590e-02 2.326675939821094274e-01 7.548010745291393320e-02 1.872183275811829528e-01 7.916172210135763443e-02 5.614862267296351350e-02 5.192784248124954899e-02 7.417241932521888570e-01 1.396565470507433460e-01
3.332000002264976501e+00 1.883697044346778204e-01 6.782662720880862361e-02 3.371372561758244624e-01 7.491093271126732234e-02 2.286681034441655491e-01 7.497231982662820593e-02 -1.014398548370708773e-02 5.626149474311906151e-02 7.440310785709607355e-01 1.378343343623458783e-01
3.395999997854232788e+00 1.711809866235863009e-01 6.825979733941338334e-02 2.550150042846363041e-01 7.577170119546329519e-02 2.486797795279951373e-01 7.399483490599520485e-02 1.180968758764346233e-01 5.181354848389527895e-02 7.929726463126522962e-01 1.362374032126670298e-01
3.459999993443489075e+00 1.329096771996564619e-01 7.262543132614643349e-02 1.547965001437179022e-01 7.348617081217867497e-02 2.094487768325762056e-01 7.008418692497345170e-02 3.958208731034778410e-02 5.505583923418758824e-02 5.367370414862983052e-01 1.364463604009313324e-01
3.524000003933906555e+00 1.904049861337882565e-01 6.429742873603316866e-02 1.659101407775898096e-01 7.414113280728323874e-02 2.883930017027994119e-01 7.573676969210922649e-02 8.362529798311296031e-03 6.120089118845206677e-02 6.530706584124887915e-01 1.382485959482729065e-01
3.587999999523162842e+00 2.752303284378089243e-01 6.692025909343161938e-02 3.486685120169160101e-01 7.680094062676932898e-02 2.873143341322472732e-01 7.004586353414572752e-02 2.121482916731016188e-01 6.293598536294871260e-02 1.123361466260073938e+00 1.387229858752255240e-01
3.651999995112419128e+00 2.250031285955539639e-01 6.807531724075258084e-02 2.374026505559795608e-01 6.796955237945795369e-02 3.118246259109854757e-01 6.908764588660570860e-02 3.288657696016412252e-02 5.792612568953765806e-02 8.071169820226832270e-01 1.318432695272918620e-01
3.716000005602836609e+00 1.611741571909669490e-01 6.966394177505046137e-02 3.298152338383611437e-01 7.955968719691206004e-02 2.405384594603632853e-01 6.877406465244900735e-02 1.537742491242655440e-01 6.070667544914112868e-02 8.853020996139568943e-01 1.399927891836386662e-01
3.780000001192092896e+00 1.990535134761395597e-01 6.891929997718372614e-02 1.733448780451057880e-01 7.074569235440468506e-02 2.455635221977640614e-01 7.194637094058946303e-02 1.065160509777322434e-01 5.325690629106771129e-02 7.244779646967415276e-01 1.332944156942277025e-01
3.843999996781349182e+00 5.989990715963135898e-02 6.868342732702041598e-02 3.472327153696426194e-01 7.289977903629954459e-02 3.651560407559501509e-01 7.407121464240926101e-02 1.539063274765194445e-01 5.756977440164138399e-02 9.261949907617436084e-01 1.372319741757916378e-01
3.907999992370605469e+00 1.764162543480133905e-01 6.132057109087297314e-02 3.201918196797172156e-01 7.012870639786272786e-02 2.550303386543568696e-01 7.834126278095226992e-02 2.048017872371567238e-02 5.938033414151604183e-02 7.721185914058030786e-01 1.354312572370970358e-01
3.972000002861022949e+00 1.345026277845214613e-01 6.359196382841940387e-02 2.318088572984510209e-01 7.372335829740098156e-02 1.330578864045654230e-01 6.646100795154590013e-02 1.595533493596709360e-02 5.768057500741843174e-02 5.153247064235050301e-01 1.312371354964890768e-01
4.035999998450279236e+00 6.979934213285128586e-02 6.354177613487418941e-02 3.578326408287939575e-01 7.694934523748724053e-02 2.052637307284772561e-01 7.311650566162933296e-02 7.005613347297708071e-02 5.666557835565447926e-02 7.029518471630996634e-01 1.360726652101749701e-01
4.099999994039535522e+00 9.609289057336642403e-02 6.785299841811590071e-02 2.935740412153430290e-01 7.377129803897394811e-02 3.127921986765196949e-01 7.440285067911669992e-02 3.748679285988529720e-03 5.466623829198343637e-02 7.062078097512177743e-01 1.362733121592735464e-01
4.164000004529953003e+00 2.693294079407896335e-01 6.978209932560944240e-02 3.056258864359457927e-01 7.214614983619148381e-02 2.812628968382646644e-01 6.999842977233029784e-02 9.436419620115038889e-03 5.512131665574280387e-02 8.656546108351150792e-01 1.342115793921297151e-01
4.228000000119209290e+00 2.109536379276628348e-01 7.092843511718470439e-02 2.569191171093819226e-01 7.096720543282548921e-02 2.451565732920422402e-01 6.828814300888949584e-02 1.031190682723040659e-02 5.611702343151611649e-02 7.233412351563173193e-01 1.337145390357137309e-01
4.291999995708465576e+00 9.275486573770214127e-02 6.949972794684690369e-02 2.905847410613071613e-01 7.031487601180931579e-02 2.050885248736795397e-01 7.348919725908434342e-02 9.637847661143764469e-03 5.421230167883132195e-02 5.980659793338325425e-01 1.345883714900476535e-01
4.355999991297721863e+00 1.753376027562361938e-01 6.440929851217805369e-02 3.189085686759711713e-01 6.911633402081739097e-02 1.600025615603138662e-01 6.392242081013781163e-02 9.412391684483262244e-02 5.513199803743302346e-02 7.483726498373539648e-01 1.266934822835646957e-01
4.420000001788139343e+00 1.468948268643622546e-01 6.681781253200740067e-02 3.281193876712333868e-01 7.480636904114350283e-02 2.115461442187825114e-01 7.220917500496659702e-02 7.207466192991621862e-03 6.295349919693186969e-02 6.937678249473697711e-01 1.387008325018931898e-01
4.483999997377395630e+00 1.238690093461951164e-01 6.378688414518439431e-02 2.456242625693526027e-01 7.061703344430703133e-02 2.276118128796272011e-01 6.953710713060869131e-02 4.786736728079642872e-02 5.242468715047950839e-02 6.449724520759713142e-01 1.289933684045228846e-01
4.547999992966651917e+00 5.940654799385992196e-02 7.058484088628924624e-02 2.397095744887550173e-01 6.999216012102321693e-02 1.893617751042737662e-01 7.232409637312996187e-02 4.443573616617001870e-02 5.697785902434022998e-02 5.329136337530586687e-01 1.354930757512615713e-01
4.612000003457069397e+00 5.720193599373388227e-02 6.859116335250679819e-02 2.654325312115956570e-01 7.129146964349769577e-02 1.192915332314307547e-01 6.840442492098464111e-02 9.298241505367557669e-02 5.775051209829232951e-02 5.349084154904358845e-01 1.334222932285517860e-01
4.675999999046325684e+00 1.143629475798934453e-01 6.661159590230208982e-02 2.101575268645688166e-01 6.814937640033216781e-02 2.115691033145461752e-01 7.318416195028799864e-02 1.271299532389144338e-01 5.654593811283908922e-02 6.632195309979228570e-01 1.327961102210179767e-01
4.739999994635581970e+00 1.992304027666664257e-01 6.508736600831169228e-02 1.533072761288959973e-01 6.941402227890132448e-02 2.745435931244938343e-01 7.084359246740894178e-02 5.036016697406450748e-02 5.543083527119969239e-02 6.774414389941207926e-01 1.309429791756203110e-01
4.804000005125999451e+00 1.410194630707481689e-01 6.707011263617231045e-02 1.924984223185812193e-01 7.471412513614296425e-02 1.763864306424511863e-01 7.011361006971117416e-02 4.540766276174547367e-02 5.760132211376293304e-02 5.553119787935260065e-01 1.353308210650812915e-01
4.868000000715255737e+00 1.520511400328947993e-01 6.938953649224617604e-02 3.486008632563235010e-01 7.266170471991842406e-02 1.349496613335640083e-01 6.418167796755111509e-02 1.503578950012534610e-01 5.786191752836539887e-02 7.859595596240358528e-01 1.325213959864714741e-01
4.931999996304512024e+00 8.615576156964969978e-02 6.512715578274322348e-02 1.931062045912342595e-01 7.676417837158343305e-02 2.557600665685610397e-01 6.907446813157354371e-02 -6.382441222679281767e-02 5.625460392022092748e-02 4.711976205026522369e-01 1.344252510181576099e-01
4.995999991893768311e+00 2.097510455434856702e-01 7.009513424394994696e-02 2.263539536787372852e-01 7.136342848029972319e-02 2.861903105032133632e-01 7.087278932444300572e-02 9.719073998358045141e-02 5.708883379571298711e-02 8.194860497090167284e-01 1.352337013466748394e-01
5.060000002384185791e+00 1.661759598959743345e-01 6.314231504933638661e-02 1.797576026678392169e-01 7.330498253920122997e-02 2.984637676980950727e-01 6.595787902263672287e-02 -4.212640496062518974e-02 5.336011727119380904e-02 6.022709253012834552e-01 1.286791215979600500e-01
5.123999997973442078e+00 1.035604153007798484e-01 6.324126792861300972e-02 2.000514231736216508e-01 7.348628152788613810e-02 1.939296102476852357e-01 6.596235634060156061e-02 -7.193039982081857187e-02 5.254889819345518603e-02 4.256110489012681630e-01 1.284994579652574687e-01
5.187999993562698364e+00 1.795702296100682438e-01 7.068791074117926343e-02 2.665514634676218741e-01 7.292229227142535408e-02 1.266107017914828714e-01 6.902892016319493729e-02 -5.049005377145187115e-03 5.548052482567761984e-02 5.676833894920277901e-01 1.347498493093831906e-01
5.252000004053115845e+00 1.266595672558614716e-01 6.749112845491150869e-02 2.264137083334163969e-01 7.251380259282340368e-02 1.728758023899893415e-01 6.726619422013355165e-02 -1.390463151456047645e-02 5.264601855999377633e-02 5.120444464647068150e-01 1.308038536957847608e-01
5.315999999642372131e+00 1.663096745978413227e-01 6.975538919667452487e-02 1.298371006909535552e-01 6.951899478479721395e-02 1.709301176327022442e-01 6.939546570804165648e-02 1.950163024739529904e-01 5.413845528715983263e-02 6.620931953954500848e-01 1.320810658632946832e-01
5.379999995231628418e+00 1.203395222845848739e-01 6.701557165729722654e-02 2.856229760180250543e-01 7.489733694817739262e-02 1.660937620719798169e-01 6.286118815051545961e-02 -1.393161594000469350e-02 5.728798328196125361e-02 5.581246444345850932e-01 1.316591809586097062e-01
5.444000005722045898e+00 1.580340873777746624e-01 6.310177310547333829e-02 2.157134231117314449e-01 7.325070339022837773e-02 1.953276592087116736e-01 6.532859289759353205e-02 -7.851962755785011489e-03 5.770738402115669491e-02 5.612232069424327729e-01 1.301747538379182390e-01
5.508000001311302185e+00 1.176374977065796357e-01 6.536369086981730359e-02 2.355625443891780635e-01 7.512497305525463187e-02 1.274157045163747948e-01 6.789151435100729270e-02 3.213299943402959241e-02 5.578282604362647112e-02 5.127487460461621627e-01 1.328049511989831399e-01
5.571999996900558472e+00 1.454668117277280737e-01 6.219631790413238104e-02 2.805384635282918149e-01 6.897291527244875375e-02 1.688063784208426454e-01 6.602314161013068949e-02 7.909673467441659389e-02 5.872577890159508957e-02 6.739083883512790862e-01 1.281928911355177114e-01
5.635999992489814758e+00 1.662025695420740468e-01 6.436695221528074273e-02 2.626496916883916399e-01 7.998292988836705475e-02 1.260410990476683035e-01 6.535634356064375095e-02 8.529571922942948137e-02 5.211796265199844513e-02 6.401890795075635410e-01 1.323937584843926096e-01
5.700000002980232239e+00 1.503045987217433432e-01 6.541331711569688123e-02 3.125812096437221022e-01 7.366529182046363533e-02 1.958157933799079542e-01 6.339263454364546524e-02 7.305134138525859466e-02 5.473636841529709585e-02 7.317529431306319943e-01 1.293065095683589849e-01
5.763999998569488525e+00 9.133472503915708585e-02 6.066356267704971911e-02 2.049530740386777683e-01 6.879041221624535019e-02 5.706916669391096097e-02 6.274338456718318857e-02 8.971995763643503263e-02 5.960051375206538993e-02 4.430769234081808339e-01 1.260997311496296347e-01
5.827999994158744812e+00 2.404674394566979623e-01 6.556671956535102541e-02 6.862965372470967995e-02 6.346821763540144712e-02 1.532780076352485699e-01 6.360014222827457819e-02 7.120545639796970437e-03 5.244730858491674502e-02 4.694956464564531973e-01 1.229752317893091362e-01
5.892000004649162292e+00 1.770300219879477055e-01 6.776114804680898052e-02 1.344923681151442008e-01 6.619783373855943343e-02 1.003258656886421712e-01 6.404295297506018558e-02 6.769509154194179590e-02 5.554121719633850485e-02 4.795433473336758734e-01 1.271221971557923436e-01
5.956000000238418579e+00 1.009918654756754713e-01 6.201158717673397464e-02 1.659271096086560315e-01 6.998578677348737953e-02 7.612099962324622715e-02 6.420244947434965155e-02 1.088279655587465720e-02 5.363823584776429565e-02 3.539227712634523959e-01 1.254689689040622003e-01
6.019999995827674866e+00 8.720031787026261139e-02 6.232873255315456856e-02 3.875172042859824639e-01 6.712676531871898666e-02 2.431448858313131969e-02 6.224872381360761764e-02 1.095219952492226118e-02 5.494300539720366888e-02 5.099842102642986319e-01 1.236305422714670255e-01
6.083999991416931152e+00 1.444296787793378778e-01 6.143410632413856542e-02 2.315380798006840823e-01 6.517469220818172815e-02 6.354691671441790868e-02 6.432145505453783219e-02 8.375571237006430858e-02 5.617110042682500748e-02 5.232703876645041774e-01 1.237510889963000515e-01
6.148000001907348633e+00 9.422637730468280681e-02 6.868773635571430447e-02 2.833213070944842760e-02 6.829480266773306496e-02 1.845221598774561267e-01 6.341621325476848314e-02 8.910768950645367448e-03 5.541136592869757432e-02 3.159914368422327424e-01 1.283519410634487157e-01
6.211999997496604919e+00 9.580627877352669575e-02 6.413271605964619704e-02 2.070833993604268564e-01 6.924284819395619406e-02 1.073848488535195933e-01 6.443354964075742597e-02 -5.241144521126129413e-02 5.433694925442271451e-02 3.578630817762118443e-01 1.265375978465851925e-01
6.275999993085861206e+00 6.815925014151193173e-02 6.754041559553697338e-02 1.875185453478698527e-01 6.667160640326666443e-02 1.233330019107884701e-01 6.048285553962188393e-02 -6.449828967156226445e-02 5.533451884510036389e-02 3.145125077286080595e-01 1.254069201808875322e-01
6.340000003576278687e+00 1.821256143177128473e-01 6.562358741223256464e-02 1.665079462292964052e-01 6.754015781555856857e-02 1.098874717306204535e-01 6.141497103742061398e-02 1.098025402158303056e-02 5.084333999922206054e-02 4.695012862992127278e-01 1.233895134620652950e-01
6.403999999165534973e+00 3.371941176317345967e-02 6.414356495806600167e-02 1.744066476314805048e-01 7.144432443726472792e-02 7.606647112399153587e-02 6.353051019413084866e-02 -2.811735953201472196e-02 5.489495072721476548e-02 2.560751709866307402e-01 1.275471276066093007e-01
6.467999994754791260e+00 1.803242885928882933e-01 6.570742114796712663e-02 1.169300824056714039e-01 6.289222793778853626e-02 9.424642148748997930e-03 5.892106991652574371e-02 -5.992333940849991353e-02 5.393824455503699877e-02 2.467556737388087451e-01 1.210533941477154873e-01
6.532000005245208740e+00 7.233468922932130563e-02 6.581564647189563910e-02 7.475831797218430996e-02 6.735289809221468860e-02 1.170883570415411218e-01 6.197760451163221440e-02 2.464289963391455562e-02 5.921311176809451043e-02 2.888242638769612514e-01 1.273402068012886301e-01
6.596000000834465027e+00 6.935352885003442935e-02 6.274797120400717187e-02 1.067801371479900341e-01 6.660267476419480526e-02 1.242483608598952960e-01 5.976856606270374017e-02 -1.976806076333236656e-02 5.330199886012730592e-02 2.806139660945873859e-01 1.216002004424368427e-01
6.659999996423721313e+00 1.671817894259036430e-01 6.562801024277223338e-02 7.463824707978503059e-02 6.189180446355323217e-02 -2.260340672135793816e-02 6.193407203898235180e-02 3.311376576449216735e-02 5.381853219446844361e-02 2.523303955488229167e-01 1.219421784087729721e-01
6.723999992012977600e+00 1.817539750864683723e-01 6.123851824759763557e-02 9.565449302975041757e-02 6.262557583765229752e-02 1.473170092349888605e-01 6.198580432710136534e-02 -2.815394442076766743e-02 5.511921926639495872e-02 3.965715329304399517e-01 1.206336898912302724e-01
6.788000002503395081e+00 -1.270916286891818001e-02 6.696410007435554812e-02 1.010067566099171338e-01 6.502791306934985194e-02 -1.799464298483104824e-02 6.164042984759011273e-02 9.048724722344651805e-02 5.386078401587171549e-02 1.607901979796144132e-01 1.241505006978356335e-01
6.851999998092651367e+00 -3.639114022458475334e-03 6.568972726901324555e-02 1.777036264244156727e-01 6.953911348743219145e-02 1.043001751074371652e-01 6.240147156151168439e-02 -3.871743266993433324e-02 5.431162314702372290e-02 2.396472548394600333e-01 1.264694612750516811e-01
6.915999993681907654e+00 -5.096128883003996080e-02 6.472096661532344974e-02 -1.235289515878990442e-03 6.495266750141781564e-02 5.084708214427655082e-02 6.526756870336605787e-02 1.001865122506859773e-01 5.400789016728101133e-02 9.883701604904357452e-02 1.248373352004168990e-01
6.980000004172325134e+00 9.121961348603911668e-02 6.323592580931829132e-02 1.803223590202847615e-01 6.408517027465254756e-02 4.236161821949643164e-02 6.690424367886531332e-02 -4.271175185106763916e-02 5.540938727693141969e-02 2.711918388747526776e-01 1.251082306754386919e-01
7.043999999761581421e+00 1.204811615315741075e-01 5.852793328966699599e-02 8.459753701500900835e-02 6.766170656532320693e-02 4.833679595133189705e-02 5.913951233697909565e-02 -1.147852167331071468e-02 5.372500396945638357e-02 2.419369728246043016e-01 1.199478365018119691e-01
7.107999995350837708e+00 5.244721535080106023e-02 6.439540997213760720e-02 7.599911909494767859e-02 6.487949888034927337e-02 1.878278268922436156e-01 5.787840065305545345e-02 5.706217728970681274e-02 4.761068342893259170e-02 3.733363386276991602e-01 1.182066184237184348e-01
7.172000005841255188e+00 6.861777840716129506e-02 6.336775000906574862e-02 1.863064372965598792e-01 6.685493389564828304e-02 1.066976389935476027e-01 6.041205626572351828e-02 1.773642638647329045e-02 5.377628520251105659e-02 3.793582810837420327e-01 1.225828671545812210e-01
7.236000001430511475e+00 -3.687384203062640808e-02 5.891982161095685178e-02 8.399840431911850813e-02 6.392635449435528361e-02 7.309867928034965989e-03 6.037593891499914989e-02 1.792334297579417299e-02 5.462711445491781614e-02 7.235777319232124249e-02 1.191112917029420737e-01
7.299999997019767761e+00 5.606674537126645971e-03 6.514393655754868728e-02 1.920523724996240356e-01 6.837465703594616806e-02 -3.186269750476891649e-02 5.748609940917238231e-02 5.619431820525110782e-02 5.432637926805206074e-02 2.219906677372328885e-01 1.231861733501559697e-01
7.363999992609024048e+00 1.811915735987419673e-01 6.596141104858324611e-02 -2.036710061437353725e-02 6.771012666193332308e-02 1.487003645749042091e-01 5.868528458352865323e-02 1.240144755801756218e-02 5.015349532819411010e-02 3.219262851172902118e-01 1.220446832941941284e-01
7.428000003099441528e+00 -1.202491470759235910e-02 6.325501604945517331e-02 1.058317238822084755e-01 6.694471536146091861e-02 -1.132903216844737687e-02 5.887305364986894496e-02 -1.715271752097062216e-02 5.592228200861668053e-02 6.532505948519810868e-02 1.227848933759990435e-01
7.491999998688697815e+00 8.962124347722405515e-02 6.179349743868324529e-02 9.264604611888059560e-02 6.575431878779905426e-02 8.319067613551321683e-02 5.951968171721194745e-02 -2.122578953934276327e-02 5.211775963732892536e-02 2.442321761922751355e-01 1.200038338816083877e-01
7.555999994277954102e+00 7.019411036129738490e-02 6.589424571033078437e-02 1.429892754735809235e-01 6.219594688459520460e-02 3.347429244142675203e-02 6.100543872728712846e-02 -3.431780946783426905e-02 5.595580440808161499e-02 2.123398688084707775e-01 1.227318337998300479e-01
7.620000004768371582e+00 9.344748999675442369e-02 6.305161187124931621e-02 8.544169849306412767e-02 6.214369089885834335e-02 6.910918281824882103e-02 6.017833192771521178e-02 8.325468600044777512e-02 4.918193071988714166e-02 3.312530573085151753e-01 1.178033871373551089e-01
7.684000000357627869e+00 1.671229387197584459e-01 6.515414180814674272e-02 2.215287134580965211e-01 6.311037455249542127e-02 1.753851248133589391e-01 5.658344586162458029e-02 3.183007556181637748e-02 5.222651551886459825e-02 5.958668525530302906e-01 1.189843554410829340e-01
7.747999995946884155e+00 3.764369598342337531e-02 5.927225102771274678e-02 5.840221849035936996e-02 6.480723070656750628e-02 -7.891651186353337843e-02 6.038160811226680330e-02 -1.898607986891474430e-03 5.691701152832962657e-02 1.523079462335789197e-02 1.208249216564440121e-01
7.811999991536140442e+00 1.225441477330653783e-01 5.881476348380466207e-02 1.550243888957495708e-01 6.821641795562900790e-02 1.427137057719608283e-02 5.544679190417987902e-02 1.216942828843966540e-01 5.170531338780526287e-02 4.135341900904077050e-01 1.177303794581055774e-01
7.876000002026557922e+00 -3.962680144449382685e-02 6.367001758070738038e-02 -3.262550940835862862e-02 6.275940712904372332e-02 6.989366246290314166e-02 5.804381925605438947e-02 3.655545844783519155e-02 5.006096234376468390e-02 3.419681005788587774e-02 1.177616203460617600e-01
7.939999997615814209e+00 6.362654597598363382e-02 6.278592829570678324e-02 1.879497050579874151e-01 6.587821166172645737e-02 6.800987540351917382e-02 6.043048088588621330e-02 -4.841292897291451375e-02 5.703045489788030609e-02 2.711731974645757437e-01 1.232328177461648605e-01
8.003999993205070496e+00 8.813133545661408497e-02 5.974507691748289634e-02 9.383490092414691064e-02 6.253130871273822333e-02 1.967023280818153488e-03 5.731586495783036472e-02 -3.612790408465394593e-02 5.140458299030448847e-02 1.478053555769252014e-01 1.157893704684288677e-01
8.068000003695487976e+00 1.693693028867103781e-02 6.060272657365543131e-02 3.465786528101946068e-02 5.823041508557934287e-02 2.640962402477673235e-02 5.980838781326386355e-02 -8.290879083119446352e-03 4.994943554405934655e-02 6.971354051134778795e-02 1.146100391466298024e-01
8.131999999284744263e+00 5.261181402218000763e-02 6.254097895685105379e-02 2.088436189825611800e-01 6.074076780721272134e-02 7.365715138565229192e-02 5.921730760923332032e-02 1.692514500932796803e-02 5.153792462122276652e-02 3.520377293997214441e-01 1.173186349964932818e-01
8.195999994874000549e+00 3.517722501694779680e-02 6.516490788775615439e-02 5.896458640760374875e-02 6.409888804268069895e-02 -7.182435878532987539e-02 6.044010680231860083e-02 3.247667220308796121e-02 5.252550869624874469e-02 5.479412484230963831e-02 1.215198265403766992e-01
8.260000005364418030e+00 1.514708325752265883e-01 6.560105281323312665e-02 1.333975476133742420e-02 6.508620047249702445e-02 -2.825520901024375971e-03 5.976614463327404453e-02 -6.289420498739789478e-02 5.123077935879502554e-02 9.909086144814174824e-02 1.213931481599585249e-01
8.324000000953674316e+00 -4.482340311012143752e-02 6.062389069417632032e-02 1.450327606542623216e-01 6.479433937886520944e-02 2.549083059650972954e-02 5.127833625457369621e-02 -8.671427239598138159e-02 5.417476158869533043e-02 3.898591574466923892e-02 1.159221079029884999e-01
8.387999996542930603e+00 8.598128205477917341e-02 5.640086621447151088e-02 8.190784728299914386e-02 6.095000165027458783e-02 5.487293984338237731e-04 5.846835835189782143e-02 -2.996204724760590660e-03 5.035168100523156054e-02 1.654416540114515555e-01 1.133569632591210768e-01
8.451999992132186890e+00 2.060543641248732405e-01 6.925897156528794396e-02 1.463474252904051198e-02 6.164542040969270970e-02 5.874614200819010257e-02 5.623634630132097467e-02 6.304959395847256620e-02 5.256128041149963487e-02 3.424848426205764351e-01 1.205079990854860811e-01
8.516000002622604370e+00 -6.168654535513899001e-02 6.724659431503322848e-02 8.676536445542189224e-02 6.192967675006971068e-02 -4.103054085624559255e-02 6.304971823011787380e-02 8.800236380369448955e-03 4.770237204843028739e-02 -7.151485375593241364e-03 1.208642733701026512e-01
8.579999998211860657e+00 -1.050949084369533770e-01 6.088987319666139958e-02 4.830257473644306021e-02 6.326142111036518745e-02 -4.854313140495316627e-03 6.020961447256646670e-02 -8.800337182587418539e-02 4.911835980435473592e-02 -1.496500186668798249e-01 1.172492857275198863e-01
8.643999993801116943e+00 1.122983389067998689e-01 5.719983518175859177e-02 -2.314177759259686273e-02 6.305979893656270263e-02 3.088698177281633608e-02 5.622595166139019579e-02 -3.570717509465455575e-02 5.577045853447507029e-02 8.433636799236478299e-02 1.162757974477692108e-01
8.708000004291534424e+00 7.443290218631043453e-02 5.760680553135778120e-02 3.405853105432302824e-02 5.926767268040403214e-02 2.008882769536149415e-02 6.111122259539597534e-02 2.418806306968660294e-02 5.161317341553377236e-02 1.527683240056815495e-01 1.150204428160715442e-01
8.771999999880790710e+00 6.561861820858463923e-02 6.244374422459676721e-02 7.224832167914151115e-02 6.270934653703300055e-02 4.435198368699699682e-03 5.229057013924236913e-02 -2.079917750377578700e-02 4.968061971393449017e-02 1.215029607526500605e-01 1.141672064847702034e-01
8.835999995470046997e+00 -8.512234080363259570e-02 6.238879446867529738e-02 7.194984687590394445e-02 5.867231959177681561e-02 1.371157959079815150e-02 6.184370073846056498e-02 1.068686842952674132e-01 5.610947243183368044e-02 1.074077699583369100e-01 1.196148777499737997e-01
8.900000005960464478e+00 1.434558601717515203e-01 6.497689127872689763e-02 -2.269297061805677224e-02 6.597385362858614044e-02 6.810533199140389460e-02 5.999207522238082096e-02 4.023283371332873198e-02 4.924215348056602132e-02 2.291010552584273607e-01 1.208237746958148312e-01
8.964000001549720764e+00 -9.579374668884789445e-03 6.118938914204421348e-02 1.294151744219290134e-01 6.411698482922409403e-02 1.305212750890565321e-01 5.839851241717766706e-02 3.266076580237239901e-03 5.065427466916772731e-02 2.536231514223380445e-01 1.176068487885217201e-01
9.027999997138977051e+00 -5.461517365654155326e-02 5.635373899678319115e-02 -2.622167989022496093e-02 5.924059452016662564e-02 -3.205177208713401622e-03 6.179716412216047089e-02 6.021018923439935139e-02 5.159444986878516937e-02 -2.383184152108055315e-02 1.147434908342263304e-01
9.091999992728233337e+00 1.542222030284657597e-01 5.946090885677034893e-02 7.414150097638295966e-02 6.514977965785286040e-02 -4.246453723679248504e-02 5.920507351221240139e-02 2.552827371436521345e-02 5.463177578729951078e-02 2.114274404824214582e-01 1.194569593066899110e-01
9.156000003218650818e+00 1.949440996350430000e-01 6.275341725968722195e-02 -1.558608454512399634e-02 6.022184858990550782e-02 1.179965698233859939e-01 5.322037076790973875e-02 4.400368848185257781e-02 5.431439525803895968e-02 3.413582733951576187e-01 1.155297529741762252e-01
9.219999998807907104e+00 1.021825149870048827e-01 6.171545622860837021e-02 6.887928336377599492e-02 6.353500499901552911e-02 -3.238674082431900608e-02 6.229317787341667745e-02 7.669846399894850869e-03 4.792610270615726975e-02 1.463449039263567397e-01 1.184180971300437119e-01
9.283999994397163391e+00 -3.863170036809672470e-02 6.272801808331129880e-02 -9.110989131112547101e-02 6.434758666706057173e-02 9.482488610315210897e-02 6.156101604340404737e-02 4.718133315241761737e-03 5.018422603276808530e-02 -3.019857226082832413e-02 1.199317781129726618e-01
9.348000004887580872e+00 7.232654375024602511e-02 6.233727082303509165e-02 6.610953447760478663e-02 6.732883315781613975e-02 -2.066213484332609512e-02 6.131625206938180056e-02 -5.287473260899399480e-02 4.863716565312242723e-02 6.489921077553070794e-02 1.206000155831777054e-01
9.412000000476837158e+00 6.881480328827185855e-02 6.658986959183968435e-02 9.841410796332335231e-02 6.398358275202183088e-02 -1.006326744985157340e-02 5.981430292137767529e-02 -4.682642354357000741e-02 5.084932939319009026e-02 1.103392202581736370e-01 1.212085588056821817e-01
9.475999996066093445e+00 1.234434044259776105e-02 6.432577720317121661e-02 7.924388853988138803e-02 6.322908688660183740e-02 -1.554786931168823105e-01 5.754880707250491223e-02 -1.259255038120895599e-02 5.199613222142332458e-02 -7.648301451561212438e-02 1.189587575706874817e-01
9.539999991655349731e+00 1.774351614760713014e-01 6.547177641593050768e-02 1.047661920002103397e-01 6.496509983848895720e-02 1.387148825418275389e-01 5.608389988194804193e-02 -5.644262088079794043e-02 5.685145991354253331e-02 3.644736151373111910e-01 1.220020902458311823e-01
9.604000002145767212e+00 7.550709719601017729e-03 6.018968789581519846e-02 1.013551524030508744e-01 5.986610304511185560e-02 1.113590843119161289e-01 5.975600978284693887e-02 -4.091998614723285632e-02 5.006906481455275504e-02 1.793449602873351534e-01 1.152581484294068342e-01
9.667999997735023499e+00 7.848180156223873161e-02 6.105311255162383655e-02 1.216855278382158664e-02 5.989146066720413969e-02 -5.935536411319578681e-02 5.797447490396631653e-02 -9.770931660366037955e-03 5.531491093854175312e-02 2.152405857249849869e-02 1.171974774712405409e-01
9.731999993324279785e+00 2.208240414833881685e-02 6.346394506125815904e-02 -2.752351397432725721e-02 6.552476959462903705e-02 -6.867316827967033521e-02 5.981117668528497522e-02 8.611964739639579869e-02 5.444218949228437493e-02 1.200536929073701964e-02 1.219118394839475567e-01
9.796000003814697266e+00 -8.209560587795443343e-02 6.283798925203265551e-02 -6.719725068706364213e-02 6.715804532772537416e-02 -3.907365274527431487e-02 5.739568962205464364e-02 3.416435666012276884e-02 5.782523040493321720e-02 -1.542021526501695938e-01 1.228691922495392247e-01
9.859999999403953552e+00 8.092170592196742257e-03 5.580394103022687236e-02 2.920148305374512324e-02 5.672389858405062213e-02 1.319895098334423755e-01 5.982831227404211694e-02 -3.157467049599266273e-02 5.362191298558970087e-02 1.377084929833915783e-01 1.130770401402210051e-01
9.923999994993209839e+00 8.393623243430105296e-02 5.804628167549641393e-02 8.040165535015850184e-02 5.967281106980731886e-02 1.071770856965110000e-02 5.772686031965677117e-02 -1.319612368395462441e-02 5.158812860083831359e-02 1.618594726701560460e-01 1.136835107314415477e-01
9.988000005483627319e+00 3.465599186924231412e-02 6.410147941387608905e-02 9.638035319401196122e-02 6.180513124290723526e-02 -6.365863272212350654e-02 6.046449957912383710e-02 -1.473047039990876828e-02 5.625543550738850568e-02 5.264724194122201439e-02 1.214475345343839496e-01
1.005200000107288361e+01 1.505985813025214892e-01 6.020129194539679957e-02 -1.205925196122336826e-02 6.270775933220901210e-02 2.105318482536052554e-02 5.912131411171414608e-02 2.132819186058390257e-02 5.260125658625375289e-02 1.809207060272425560e-01 1.175528843079148705e-01
1.011599999666213989e+01 1.503274837847220213e-01 6.318608379896437088e-02 1.506678475502587211e-01 6.050477573532099529e-02 2.940749993684112912e-02 5.316414687739112743e-02 -7.320467187125333230e-03 5.121627850670699283e-02 3.230823640846965383e-01 1.144676494469447497e-01
1.017999999225139618e+01 -3.936013300721327712e-02 5.295213247971664733e-02 5.326785744346140133e-02 6.089366349022506952e-02 -1.814208916404477095e-02 6.106666383228185474e-02 7.175720195637778909e-02 5.332259919954757121e-02 6.752283722858114234e-02 1.143870779608026633e-01
1.024400000274181366e+01 1.740395612022409971e-02 6.231712148488882663e-02 8.382450009698999560e-02 6.469928220382410722e-02 4.415581278949581856e-02 6.034428522732616235e-02 -1.118140638462341435e-01 5.336915713272318007e-02 3.357020516047577730e-02 1.206611803377816011e-01
1.030799999833106995e+01 -1.217894966855849817e-02 6.292318784696238065e-02 -3.284029947290773022e-02 6.899913592917000793e-02 6.468867435981927316e-02 5.598858402601752937e-02 7.076742525950741047e-02 5.603895972827572375e-02 9.043685047786045872e-02 1.224552770462013496e-01
1.037199999392032623e+01 -1.054873843575644815e-01 6.100640364577531588e-02 2.034132793367299796e-01 6.090689315334990583e-02 4.330305316110039104e-02 5.493661866808324801e-02 2.248801400734822681e-02 4.633230877620641425e-02 1.637169621476141090e-01 1.122325524373431332e-01
1.043600000441074371e+01 1.124837247098507548e-01 6.172827712982413562e-02 6.854231413423680919e-02 5.506444730201826010e-02 1.281266176821886649e-01 5.628212231879169830e-02 -1.544691802122048633e-03 4.933870541909770452e-02 3.076079647241541926e-01 1.115547340960169470e-01
1.050000000000000000e+01 1.353683991779242382e-02 6.178621592529255635e-02 4.362561824776762381e-02 6.349527423749375121e-02 8.852707273840902669e-02 5.687217884936638518e-02 3.704202407407380243e-02 5.656329921244271364e-02 1.827315549780428872e-01 1.195116641743894925e-01
1.056399999558925629e+01 3.855640982643581977e-03 6.582924295415834570e-02 -2.727866705203566694e-02 6.137834538196185880e-02 3.545503569945666379e-03 5.587145963735030280e-02 -8.810123571983498325e-02 5.567310523281349816e-02 -1.079787582192814066e-01 1.196741624496156370e-01
1.062799999117851257e+01 9.683950419712143709e-03 6.323440577038644261e-02 -2.254892902058329082e-02 6.308346198403751159e-02 7.618104928063462733e-02 5.468877908098143670e-02 9.222891616331102896e-03 5.215685641754634616e-02 7.253896229609459179e-02 1.170013396408533801e-01
1.069200000166893005e+01 -8.441908277353870477e-03 5.762875509307444077e-02 -5.694183501459473135e-03 6.314013885738199716e-02 1.060194130056193312e-02 5.636119176457677488e-02 -4.120288835551611656e-02 4.828725012138149891e-02 -4.473703883376752705e-02 1.132077427118626384e-01
1.075599999725818634e+01 -3.839828775342786493e-02 5.882663451767129043e-02 1.689606022296480728e-02 5.525478820655802675e-02 9.232849053137437423e-02 5.661115251137404519e-02 -6.651118514692058205e-05 5.521488692876495158e-02 7.075975181576439621e-02 1.129919062395604024e-01
1.081999999284744263e+01 -1.421389171245264829e-02 5.605517643471585876e-02 2.230928744058570910e-03 5.858505561409306506e-02 -1.050072201387271115e-01 5.638969427186982242e-02 -9.292063963618887520e-03 4.523358962328691280e-02 -1.262822470707400668e-01 1.086290329364870133e-01
1.088400000333786011e+01 -2.088415235457037264e-02 6.054738740463859459e-02 -3.891544883638930509e-03 6.031563657772763543e-02 1.062070249250039317e-01 5.849260062057185655e-02 -2.983199685040689719e-03 5.014679879341207847e-02 7.844812800175393619e-02 1.150654070252592615e-01
1.094799999892711639e+01 7.515968941261860770e-02 6.406170432334561127e-02 3.107938085697347849e-02 6.132486276752670967e-02 -4.502437779554361447e-02 5.550314969616956806e-02 -5.946805386383260950e-02 5.433797805647819223e-02 1.746638610215865695e-03 1.178891693062999596e-01
1.101199999451637268e+01 1.164734713152395240e-01 5.936221367209473798e-02 4.257062003287904323e-02 5.814232305745870022e-02 -7.423472537146090164e-03 5.514478265309856464e-02 -8.678162559564450013e-03 5.128618126262005084e-02 1.429424562514080288e-01 1.121410789359952864e-01
1.107600000500679016e+01 5.013437527715147723e-02 5.807776198001249335e-02 -4.556443732144844182e-03 5.791972569028237816e-02 9.919116300301045186e-02 5.890906386843534903e-02 -1.505713771652578310e-02 5.314261587211367710e-02 1.297119568314913096e-01 1.141145761427126704e-01
1.114000000059604645e+01 5.439555780100389232e-03 6.086191695762151188e-02 -4.665499235316924315e-02 5.867619510166334484e-02 -3.334046817341826396e-02 6.001615934376521022e-02 5.244360382525112274e-02 5.453535262558392022e-02 -2.211230092123599167e-02 1.171456908116464968e-01
1.120399999618530273e+01 1.013951383972134940e-01 5.810685108968420554e-02 5.237049339227860950e-02 6.236795038968554611e-02 2.029366055349775960e-02 5.733576827174433066e-02 5.769185565236675806e-02 5.342867095385179371e-02 2.317511479953566211e-01 1.157936983716089108e-01
1.126799999177455902e+01 1.274509932076667573e-01 5.895261567393201424e-02 -3.968483675438781721e-02 5.611318454647558351e-02 -5.631952569204339010e-03 5.510059414600385758e-02 -8.751574896126580738e-02 5.002870383436454349e-02 -5.381545077191199344e-03 1.102862051996275627e-01
1.133200000226497650e+01 -2.456502459901152916e-02 5.932220665382435115e-02 -6.038134630982826441e-03 6.078349297422269010e-02 2.214854829550485724e-02 5.482261141603676780e-02 1.989277099984939484e-02 5.206890008404156667e-02 1.143816006535989735e-02 1.137121202812703263e-01
1.139599999785423279e+01 2.699630247239776307e-02 5.866045890218931497e-02 2.731446360067438239e-02 6.414001627729143395e-02 -4.355600911384285151e-02 5.352259817668234693e-02 -1.808408400026069104e-02 5.185619660373285561e-02 -7.329327041031400564e-03 1.144933394065097837e-01
1.145999999344348907e+01 -1.800693073516248036e-02 6.399794134699011983e-02 5.040651992096464168e-02 5.870030897203461911e-02 3.797027197397626758e-02 5.629956272853903904e-02 -1.132723533790575415e-01 5.151653078978494366e-02 -4.290249221927912304e-02 1.156073374751995508e-01
1.152400000393390656e+01 8.928330031423936664e-02 6.070750785334803196e-02 1.126175445329700431e-01 6.194374431780647755e-02 1.986082122681849874e-02 5.431684346506357453e-02 -5.993034032616171430e-02 5.589217928860063661e-02 1.618313257478662115e-01 1.166048204814509048e-01
1.158799999952316284e+01 6.228900752462262352e-02 6.137378064165996405e-02 -6.300728338095714851e-03 5.687253449944085909e-02 -3.392979111606687220e-02 5.419653680340395102e-02 -2.508287689000035167e-02 5.206412726573732969e-02 -3.024388819540316936e-03 1.124685026132485610e-01
1.165199999511241913e+01 -2.677831126427764746e-02 5.513328581441890447e-02 1.097540265358553507e-01 6.640154512106341556e-02 -4.309352004823228943e-02 6.137546790504801175e-02 -1.254538755035972675e-01 5.406417928827708663e-02 -8.557168028025184670e-02 1.189063830996367199e-01
1.171600000560283661e+01 3.341395849498200732e-02 5.931436468328719208e-02 -1.600241019268456091e-02 6.071863736602411271e-02 -2.074222669444594769e-02 5.440675352452938041e-02 -3.727916077581602122e-02 4.808678785320383287e-02 -4.060983916796452597e-02 1.117021968292774836e-01
1.178000000119209290e+01 1.432311596702699752e-01 6.431112732118877962e-02 -5.327774786151701081e-02 6.242334988351852521e-02 5.310839221632843860e-02 5.639235917489539979e-02 -8.471336294961910249e-03 5.253771608257367526e-02 1.345904677301194841e-01 1.182070450205310597e-01
1.184399999678134918e+01 1.059584950409671739e-01 5.992832513600938882e-02 5.149863910604460943e-02 6.352517735575856361e-02 4.440560561803532508e-02 5.745841116316049296e-02 7.798633972495202550e-03 5.244141497400586077e-02 2.096613737375423170e-01 1.169547918195681657e-01
1.190799999237060547e+01 5.797149545852099684e-02 5.590525219853372668e-02 1.107939859013186562e-01 6.222170365035491202e-02 4.367947300680111514e-03 5.789946506844226293e-02 -1.652866716076292417e-02 5.201480766750753160e-02 1.566047614997568282e-01 1.142577170279269055e-01
1.197200000286102295e+01 6.186089372312934126e-02 6.676189556567517502e-02 -2.082913738397447825e-02 6.859933801761466943e-02 -1.006281108859145429e-01 5.819458022899586663e-02 -1.889342309094038663e-02 5.522133351873326906e-02 -7.848977763770006999e-02 1.248960556606704131e-01
1.203599999845027924e+01 8.218270373289016106e-02 5.688751269254789522e-02 -8.789557362851495304e-02 6.318021158373909874e-02 -5.671661335742392805e-03 5.372226726508921163e-02 7.339814695877110162e-02 5.359732489621548551e-02 6.201361572740391598e-02 1.139591307102813672e-01
1.209999999403953552e+01 2.268955085734629049e-02 6.226269910950721354e-02 1.882365780653452170e-01 6.297918373589073138e-02 4.321603200570556941e-02 5.819732738934667998e-02 -1.980939940535977190e-02 4.884522654116328633e-02 2.343327615230373084e-01 1.166867874078315603e-01
1.216400000452995300e+01 7.444590978931343167e-03 6.677289726885547727e-02 4.143876010280767713e-02 6.018073155804002511e-02 -7.745062484843155681e-02 5.489983551511614518e-02 9.670150965181293148e-03 5.194528085545346840e-02 -1.889712280151124163e-02 1.174420895730178549e-01
1.222800000011920929e+01 5.034066226464940091e-02 6.024379907126534150e-02 1.442042236212448536e-01 6.344311583603957916e-02 9.652540464508917173e-02 4.984045669731115846e-02 -1.121122089700540975e-01 5.295678393088834590e-02 1.789580815609293496e-01 1.137665871933559864e-01
1.229199999570846558e+01 8.331252845348685945e-03 6.094906134153382088e-02 6.455830333729409287e-02 6.357419839621418489e-02 8.912906252683691632e-02 5.596518147667384202e-02 2.532221298725789715e-02 5.345050648642214741e-02 1.873408316967375975e-01 1.172413108145219790e-01
1.235599999129772186e+01 -1.135623410169614156e-01 5.956485090512002312e-02 1.526789258106687509e-02 6.030528120025659133e-02 -6.774620343174325710e-02 5.390008405685420279e-02 -2.908201553051986341e-02 5.272657907492888513e-02 -1.951226673981576454e-01 1.134460647456397020e-01
1.242000000178813934e+01 5.983887704557059456e-02 5.923943013571601746e-02 4.309960732422431218e-02 6.019856925413474141e-02 -6.421458074497565782e-02 5.608267859558214996e-02 3.811413634253931100e-03 5.817220463353776211e-02 4.253531725907318956e-02 1.168864836216352149e-01
1.248399999737739563e+01 7.712414138476009207e-02 5.934369881368604938e-02 1.226288134460122164e-01 6.543462961496664121e-02 4.096435935939807260e-02 6.123423086770221624e-02 -6.264977543438533802e-02 5.284439854851148005e-02 1.780675387557850708e-01 1.197728133995788341e-01
1.254799999296665192e+01 -3.067559787362970913e-02 5.941343513152237688e-02 -1.079598043466138274e-01 6.056979373766406549e-02 -1.041532234713306859e-01 5.484177387402887349e-02 4.124036561139968887e-02 5.054021000333031033e-02 -2.015482600801745405e-01 1.129627778358058693e-01
1.261200000345706940e+01 2.972951813737870208e-02 6.285372163242061716e-02 -2.682233283148323724e-02 6.073055873148837380e-02 -1.035203593980889986e-02 5.504945130707680767e-02 6.418341792294784617e-03 4.587105165136032281e-02 -1.026508841618650400e-03 1.130194078718189249e-01
1.267599999904632568e+01 2.932821039155393897e-02 6.305923918712919019e-02 -9.379522320252416112e-02 5.909257826144879988e-02 -2.145568517239644299e-02 5.433707965679503149e-02 -1.669148662767983363e-02 4.985324264682258061e-02 -1.026141846110465022e-01 1.136057414063077892e-01
1.273999999463558197e+01 7.681409400671479482e-02 6.016281842191421175e-02 9.701667575965132462e-02 5.876026880221831700e-02 1.881474878466647682e-02 5.604063580312240722e-02 1.128920506017793979e-01 5.211521913420251451e-02 3.055375691528120496e-01 1.137052454234250554e-01
1.280400000512599945e+01 8.086188665763288652e-02 5.949905460875293955e-02 1.015271659107972596e-01 5.974846185387776287e-02 -5.927030707924636072e-02 5.554407261852203209e-02 -1.395471742090408362e-01 4.914406652501131928e-02 -1.642842871985705777e-02 1.122955897215293097e-01
1.286800000071525574e+01 1.336364503514443358e-01 6.064812979489949546e-02 1.932281006431162823e-02 6.386218759650325039e-02 -2.867546425472321941e-02 5.957347291477737422e-02 -2.471046368181996009e-02 4.921205484178880346e-02 9.957333247921278108e-02 1.171639862291689455e-01
1.293199999630451202e+01 1.124379154232160311e-01 6.205267285363138402e-02 3.292741517223731797e-03 5.976642411437666641e-02 3.692244345530781152e-02 5.607514856113064022e-02 9.709188288181293258e-02 4.852884851740380673e-02 2.497449832775605061e-01 1.136751119826910211e-01
1.299599999189376831e+01 -2.683506080303783847e-02 5.820481034350048766e-02 1.986257341466749621e-02 6.187472948712963161e-02 -4.870931974528267677e-02 5.585173336656012316e-02 -1.413572815676690173e-02 5.046011569230953592e-02 -6.981753529041992423e-02 1.134985528187867215e-01
1.306000000238418579e+01 3.886198568590618768e-02 6.170820786872610597e-02 3.427083287664380029e-02 5.872919542069283960e-02 -7.363641830319361814e-02 5.573125461758954985e-02 -8.360792855157742065e-03 5.250689271750504095e-02 -8.864392595801365293e-03 1.145424281095438340e-01
1.312399999797344208e+01 -3.038682644694145826e-02 6.027538629469163939e-02 1.505910571273862686e-01 6.176938533313689611e-02 1.160790484099206571e-01 5.608769562136890069e-02 -1.097511327828629701e-01 5.182303224712429823e-02 1.265321463075024799e-01 1.152390360459929208e-01
1.318799999356269836e+01 3.282847888225279981e-02 5.738765852115739613e-02 5.735897356617768172e-02 5.969036989576789048e-02 -2.746872602748015590e-02 5.839942165922259315e-02 -3.574342869105776033e-02 5.014220615964542355e-02 2.697529772989257224e-02 1.130531596087549634e-01
1.325200000405311584e+01 6.693543105192177600e-02 5.843564164324395460e-02 1.091919819733096209e-01 6.257348852645444603e-02 -2.167865415194382764e-02 5.827649440379848583e-02 -4.270184137438921834e-02 4.981735370642171451e-02 1.117469174988983266e-01 1.149264295579334461e-01
1.331599999964237213e+01 -9.133474983177120379e-03 5.781147386320737575e-02 -5.575457695550717352e-02 6.427122269952563471e-02 -7.730454522418128693e-02 5.688215158930755300e-02 -2.891815278517845603e-02 5.195481562140388115e-02 -1.711107499480440386e-01 1.157922217301808471e-01
1.337999999523162842e+01 2.893686745983479330e-02 5.939110970247944710e-02 4.244490447246854203e-02 5.574599558139665956e-02 1.970824408315311610e-02 5.599837774983234401e-02 -2.398731994660525252e-02 5.319395717729389489e-02 6.710269606885119198e-02 1.122512152533135799e-01
1.344400000572204590e+01 1.534420595417342048e-02 6.274264187613913524e-02 -2.804795916977095935e-03 5.622704559671844876e-02 2.065808271244701580e-02 5.189225356225855845e-02 -5.274241079480604388e-02 5.472975231092129522e-02 -1.954491804516270137e-02 1.130763968912939649e-01
1.350800000131130219e+01 1.364532670003270609e-01 6.075158890399932898e-02 -3.704295393074279880e-02 6.277511141848360343e-02 2.293416540905463333e-02 5.267794602124321879e-02 2.168023786654585394e-02 5.240454887876658946e-02 1.440247163451847390e-01 1.146851032530712550e-01
1.357199999690055847e+01 7.749045175561738996e-02 6.283813459718674832e-02 1.994923257338250197e-02 6.130258752362396230e-02 -5.996508563740856300e-03 5.808464879634318151e-02 3.479443413910579541e-02 5.064651765536117012e-02 1.262376099043648336e-01 1.168141026295844015e-01
1.363599999248981476e+01 1.100063575706595326e-02 5.902404744390799679e-02 6.734569527259273714e-02 6.207512836047470589e-02 -2.702201104366500420e-02 5.350614353325938016e-02 -7.172318671896045321e-03 5.313301647355212626e-02 4.415200131409764001e-02 1.141191682979271899e-01
1.370000000298023224e+01 1.162357103823430382e-01 6.014405903072751747e-02 8.413566275675697648e-02 6.048185076230828267e-02 -5.557904760479042555e-02 5.205225081585955482e-02 -5.159433935859013276e-02 5.250877626009636812e-02 9.319798617571946331e-02 1.128803371170363778e-01
1.376399999856948853e+01 7.198753656276386803e-02 5.591196427094222154e-02 5.041227375077411005e-02 5.949029041617465846e-02 5.199199400633889440e-02 5.830494723531912810e-02 -3.206310332608492807e-03 5.201368453463650621e-02 1.711854939872683723e-01 1.130050116296527629e-01
1.382799999415874481e+01 4.851030989628957873e-02 6.005618607462108460e-02 7.349450842644489335e-02 6.081317105667958384e-02 -1.178031134764341709e-01 5.292499589019186018e-02 -5.802320055740078225e-02 4.983333145649799373e-02 -5.382149571110048797e-02 1.122025105504707576e-01
1.389200000464916229e+01 3.302772557736050746e-02 6.020584494036432255e-02 3.060366463952122335e-02 5.980989130592846703e-02 -1.419410496107275169e-02 5.813078747661406392e-02 -1.114344053678369140e-01 4.958559045032573387e-02 -6.199712011202793138e-02 1.141923206523489248e-01
1.395600000023841858e+01 9.028413142925305335e-02 6.245615162635326928e-02 5.562263318027876186e-02 5.827517252039381840e-02 -2.141634033918016211e-02 5.838949394753855521e-02 -5.584093155249199823e-03 5.161081701547758777e-02 1.189063311151024455e-01 1.156277477282613431e-01
1.401999999582767487e+01 -4.525671739201972410e-02 5.340188313203366594e-02 -8.136866399157306751e-02 5.935945055737851250e-02 3.154454437720405346e-02 5.806020640519717751e-02 2.827219904745939365e-03 5.260328647314147649e-02 -9.225361710164281526e-02 1.118633041176181758e-01
1.408399999141693115e+01 1.585256851483948792e-02 5.816924757993607170e-02 -4.574597111396754706e-02 5.716918705012270785e-02 4.165967692110592036e-02 5.262558241311143109e-02 1.904361920928685295e-02 4.852431434196425447e-02 3.080989353126471417e-02 1.085174562854509528e-01
1.414800000190734863e+01 7.357341362714941296e-03 5.989018780435938910e-02 3.966823816318589685e-02 6.009371753229640623e-02 5.755454793814208242e-02 5.143907637801171245e-02 1.743618139711594975e-02 5.223030359650019522e-02 1.220163088611588564e-01 1.121252544010419155e-01
1.421199999749660492e+01 1.051392671931256420e-02 5.710579758991574800e-02 -1.632433782344198600e-02 5.802068508624966953e-02 4.057518737258583585e-02 5.293646210333587121e-02 5.408461452975939221e-02 5.449909590039998114e-02 8.884939079821579933e-02 1.113548045224681399e-01
1.427599999308586121e+01 4.665095071830813872e-02 5.913499794577491836e-02 -7.238953808878088869e-02 5.858182021860527250e-02 -7.886050330010538345e-03 5.688221158566905689e-02 3.147439798766889230e-02 4.522836748046483307e-02 -2.150239712814396020e-03 1.104987278750148572e-01
1.434000000357627869e+01 4.979774141847761321e-02 5.483571929264965950e-02 6.838462297256518718e-02 5.765153260532694668e-02 2.355214249007499261e-02 5.992822995055353819e-02 -1.216541212564921414e-03 5.197268739942836890e-02 1.405179656685528466e-01 1.123530520395884386e-01
1.440399999916553497e+01 1.109209323492060112e-01 6.165417217000072891e-02 -2.016147231780062235e-02 5.805749633488538342e-02 -3.690557549844642599e-02 5.784004959883995434e-02 1.225256770596895063e-02 4.860541228176223222e-02 6.610645223892791522e-02 1.134895028948478130e-01
1.446799999475479126e+01 1.285105719010899532e-02 5.507957520128688167e-02 5.049812130975682434e-02 6.269446474454537510e-02 3.302145064482982229e-02 5.847510228066653271e-02 -1.566581579444833311e-02 5.331341268639505637e-02 8.070481335024731750e-02 1.150044045807096099e-01
1.453200000524520874e+01 -1.808823336939517287e-02 6.020291685987477770e-02 -2.158729196915647880e-02 5.947924416460258212e-02 -9.957748407412253533e-02 5.790894807147525802e-02 1.110301287846314489e-02 4.719873275031764154e-02 -1.281499965342110525e-01 1.128863956586892286e-01
1.459600000083446503e+01 -5.212238541611293255e-03 6.266537634490509934e-02 4.320697131688139986e-02 6.334742406108742618e-02 -2.983128950506469795e-03 5.455440853453766975e-02 2.518135348988939648e-02 5.384988616739023320e-02 6.019295731465303806e-02 1.175407982719955530e-01
1.465999999642372131e+01 -4.804564125045682026e-03 5.592846370728524197e-02 -4.734264982756207496e-02 5.980085917484073005e-02 -6.602008613292632833e-02 5.782585175927854731e-02 1.278738450525932976e-02 4.870224233120409169e-02 -1.053799155802747495e-01 1.114444855095111514e-01
1.472399999201297760e+01 2.157205508079896097e-02 6.174441540878443380e-02 8.613310841406920937e-02 6.198850399061531929e-02 -4.191008342146777116e-02 5.683198364385102369e-02 -4.231702647279234931e-03 5.092502281026974748e-02 6.156337742612116859e-02 1.160955631119833659e-01
1.478800000250339508e+01 6.259750128488190957e-02 6.082533323843650197e-02 5.206712222627698367e-02 6.331320178090314721e-02 1.613245600022127080e-02 5.637845866244155929e-02 -1.360662595685535083e-02 4.941534120651996237e-02 1.171904535545247872e-01 1.154499425336610041e-01
1.485199999809265137e+01 -7.304504842667031150e-02 5.614704758709090221e-02 9.490740708200512410e-02 6.005486064281844588e-02 2.150470620123598464e-02 5.242591760796855294e-02 5.741257777361442188e-02 5.546038494484202552e-02 1.007796426301852122e-01 1.121757922853365008e-01
1.491599999368190765e+01 5.603140014341739111e-02 5.816320624006903611e-02 4.863615514674550326e-03 6.240515603308943032e-02 1.067990616681351590e-01 5.575632203483352201e-02 -3.839329086395878998e-02 4.832127910360359269e-02 1.293007864622683079e-01 1.127877454367249149e-01
1.498000000417232513e+01 8.836260295949123489e-02 5.720894778911823908e-02 1.145725585464903717e-01 6.281783261177022182e-02 4.822086851213228803e-02 5.382141229668147009e-02 1.254391287139018608e-03 4.754271407184461340e-02 2.524104213052529300e-01 1.112474623715300204e-01
1.504399999976158142e+01 7.054551881853488027e-02 6.318372183825160526e-02 3.534260180373029886e-02 5.962284168756373792e-02 7.770025277953065967e-02 5.778226093518028933e-02 -3.969928125298132632e-02 5.470131437874595909e-02 1.438890921488145125e-01 1.178053030630518833e-01
1.510799999535083771e+01 1.491632173638135668e-02 6.200270326232220491e-02 3.267246408907414912e-02 5.643397803038925631e-02 7.248872983177510713e-03 6.058514601598204846e-02 -7.982355428193582680e-02 4.961983634932887882e-02 -2.498589547330281463e-02 1.147249631304455147e-01
1.517200000584125519e+01 5.037500740175260977e-02 6.167759971948243852e-02 -5.243572611200382483e-02 5.503338523299039498e-02 -1.138937526443152028e-02 5.729809341534360806e-02 1.196528191481998210e-01 4.982064335443983638e-02 1.062027251735170874e-01 1.122406691473423063e-01
1.523600000143051147e+01 1.224605058978384398e-01 6.298860089807883922e-02 1.057141115648778558e-02 5.972008666494391105e-02 8.250211763691410807e-03 5.984441113822321079e-02 -4.350401972057765278e-03 4.848950625307314743e-02 1.369317268459598891e-01 1.160458459209694621e-01
1.529999999701976776e+01 8.390329516267470977e-02 5.895040962748496205e-02 1.001071605910808099e-01 5.733879500957723280e-02 -5.235021366276195603e-02 5.316426620991437230e-02 -8.930177060880711143e-03 4.992326489702720443e-02 1.227300650301128421e-01 1.099166037867618101e-01
1.536399999260902405e+01 -4.415034454548328637e-03 6.238366626995685976e-02 -6.961645994062507468e-03 6.178270162450964081e-02 -6.864892171413151944e-02 5.427886245668416682e-02 5.335414960327538453e-02 5.366788279854116384e-02 -2.667145255946696408e-02 1.163411388588496131e-01
1.542800000309944153e+01 9.707174727524202351e-02 5.353693409580553147e-02 -1.091775391218431125e-02 6.286234164190530882e-02 -1.766155781485595488e-02 6.101874863303746732e-02 2.668748123717985116e-02 4.961219634369289783e-02 9.517991678538159639e-02 1.140286587655454098e-01
1.549199999868869781e+01 -3.485592451880169251e-02 5.861647126048790540e-02 1.356460852489922153e-01 5.727141130982067729e-02 2.900964328755183466e-02 5.855502068783203368e-02 -6.281630691714187864e-02 5.307798238807627522e-02 6.698349710060047535e-02 1.138501994666308720e-01
1.555599999427795410e+01 -3.200764840360598856e-02 5.687955420499894027e-02 3.107075497326010696e-02 5.606251270891548372e-02 6.541905704097596141e-02 6.054361264527066688e-02 -7.057054149219388339e-02 5.443354545266222699e-02 -6.088377881563800109e-03 1.140474853755414630e-01
1.562000000476837158e+01 1.226069860207297697e-02 5.807450705074177627e-02 3.899117092265780293e-02 5.799351433554759960e-02 -3.623579141250009295e-02 5.928593773810052897e-02 4.300983902834713130e-02 4.935036981575301185e-02 5.802591714057781652e-02 1.126329325224711547e-01
1.568400000035762787e+01 -9.174776337251451530e-03 5.649633503788380889e-02 -4.197283965445094273e-02 6.119934250618939975e-02 6.211455179161910062e-02 5.831439729445541537e-02 2.262765534391811620e-02 4.914895662898967343e-02 3.359459114383482603e-02 1.129308826913019148e-01
1.574799999594688416e+01 2.995204799215924960e-02 6.018263580720289302e-02 -1.401070730291881401e-02 6.087562563979580926e-02 -5.754210206361933672e-02 5.703167951670001096e-02 6.447135031407052845e-03 5.425355541475870153e-02 -3.515362634297185263e-02 1.162920985853160005e-01
1.581199999153614044e+01 -7.398626946736253790e-03 5.829493484026290057e-02 8.829945541549747388e-04 5.747014022285620166e-02 2.470930072578605280e-02 5.158015960069825545e-02 -2.820165636512055041e-02 4.994786345789072740e-02 -1.000798803191577796e-02 1.088871818613506570e-01
1.587600000202655792e+01 1.187862326272198232e-01 5.619946411610592801e-02 -5.614102837214039743e-02 5.890924843331954430e-02 -6.490860629476360999e-02 5.348531016435367769e-02 -7.279798599378426750e-03 4.914084003139369133e-02 -9.543200639062610069e-03 1.091062779141703659e-01
1.593999999761581421e+01 -8.579993382406102265e-02 6.141177844575376049e-02 2.775568778340811726e-02 5.883025786140242547e-02 7.245339571148611858e-03 5.651517707193336876e-02 -9.650728792149607105e-02 5.079925788527193259e-02 -1.473061943910003724e-01 1.140479531297067806e-01
1.600399999320507050e+01 -1.377260896855895395e-02 6.128686695097615433e-02 -5.290944326884559901e-02 5.327928826382453964e-02 -2.245904542759296837e-02 5.421069781649272279e-02 1.585318612218068746e-02 5.165795591094117511e-02 -7.328791154281684428e-02 1.104631467287357227e-01
1.606800000369548798e+01 5.896865423662461109e-02 5.720924601479516342e-02 4.424100841836812320e-02 5.386091671424781541e-02 7.387938183413465809e-02 4.830519956479541188e-02 6.885369215818958055e-02 4.829294129567918842e-02 2.459427366473169729e-01 1.041129034407509146e-01
1.613199999928474426e+01 -1.384912786638802787e-03 5.606688047717594409e-02 -8.256996555554380057e-02 6.302518787288292901e-02 -3.190265821426653547e-02 5.589470252093900471e-02 3.857427955114609008e-02 4.717122400077902733e-02 -7.728325700530304376e-02 1.116468160606922944e-01
1.619599999487400055e+01 5.882908858440761418e-02 6.011668668671280025e-02 -5.875111793931156456e-02 6.100292091474777273e-02 9.484802472287940170e-03 5.565882300912987357e-02 -5.330154484887235367e-02 4.845621824405729750e-02 -4.373877173148836561e-02 1.130543322637249520e-01
1.626000000536441803e+01 8.680486309450571869e-02 5.694079308234486353e-02 4.112139072880336560e-02 6.415384213106385680e-02 1.854449445821966178e-02 5.407422844379879134e-02 -1.152547596162898230e-01 4.816087256596428973e-02 3.121598866523890570e-02 1.122562301394941092e-01
1.632400000095367432e+01 7.856770874686331077e-03 6.124949953938487596e-02 4.355515567024597495e-02 6.250889274726791067e-02 -6.923255328323735941e-03 6.081207757237357125e-02 1.330684072845693920e-02 5.327152323706443177e-02 5.779551194506551276e-02 1.191420447742106981e-01
1.638799999654293060e+01 -2.325696842297172995e-02 5.789009766363413523e-02 6.551304452703027303e-02 6.115556632564832229e-02 4.469831228201991136e-02 6.153352345943336604e-02 1.102285487714230010e-02 4.925179312979034024e-02 9.797724326322075628e-02 1.153402806306113026e-01
1.645199999213218689e+01 2.548867631605156517e-02 6.151391526782392510e-02 7.041452961801382415e-02 5.783445139641730376e-02 3.593208309394711059e-02 5.551866879806256067e-02 -9.009759449715290525e-02 4.698342213911994858e-02 4.173769453085959813e-02 1.114385484512127322e-01
1.651600000262260437e+01 -5.987677184836889994e-03 6.207076472896944780e-02 -6.237098553510127263e-02 5.717693175381653031e-02 -4.746347296960914258e-02 5.122807004823535376e-02 4.613033565756024384e-03 5.153720959864549478e-02 -1.112091021237912730e-01 1.113659754723196199e-01
1.657999999821186066e+01 9.337805971088947166e-02 5.829454432995911928e-02 -1.718054719034798131e-02 5.805771445848877110e-02 -5.451927250620806908e-02 5.691204206916291447e-02 -2.618518614368318953e-02 5.295277394938768811e-02 -4.506946129349764796e-03 1.131897915370379398e-01
1.664399999380111694e+01 1.928676055578021006e-02 6.116191328276102818e-02 6.327612762458952045e-02 6.038762491673507760e-02 1.424292630074442886e-02 5.409945819334416317e-02 2.732875119498971717e-02 5.306867540753975460e-02 1.241345656761038835e-01 1.145883090276511168e-01
1.670800000429153442e+01 4.214454548007410400e-02 5.822736669545155314e-02 3.475079815771230790e-02 5.687089409725238492e-02 -1.753855799870668308e-02 5.637078907205924500e-02 6.400416312002740749e-02 5.157492153152797021e-02 1.233609487591071363e-01 1.116349551856287564e-01
1.677199999988079071e+01 -5.643907843066481994e-02 5.788442181819140886e-02 1.187334234105777708e-01 6.048010409620616090e-02 9.086574800205009933e-03 5.804604244076740777e-02 -7.935778923927633288e-02 5.165086299561490873e-02 -7.976869459158375530e-03 1.142173540752078470e-01
1.683599999547004700e+01 -4.487301206693006250e-02 5.982806318824625963e-02 -6.019989601141544078e-02 5.692130058402315035e-02 -7.831598031318080799e-02 5.280335598432011474e-02 6.193116579524862025e-02 5.308646215244235134e-02 -1.214577225962776841e-01 1.114710656273771860e-01
1.690000000596046448e+01 4.001118903631810386e-02 6.271796581191982356e-02 -1.293551393433242380e-01 6.025910473926788385e-02 -1.385061082247046778e-02 5.794531833945843619e-02 2.031513786693807389e-02 5.141814673320469625e-02 -8.287942326253852632e-02 1.164739828051816334e-01
1.696400000154972076e+01 2.065613701823137624e-02 6.189185208583379560e-02 -1.734117615511191965e-02 6.320199789645905564e-02 -2.460276965003297192e-02 5.295840205744540424e-02 5.973712071074947783e-02 5.159543204602375782e-02 3.844931192383596597e-02 1.152899598803496656e-01
1.702799999713897705e+01 -2.018934408062073027e-02 6.151586950181282820e-02 -8.579312435327078601e-03 6.050663859815955115e-02 -1.615433821688032606e-03 5.691130373637450640e-02 -5.504927550206403092e-02 4.805177799396262439e-02 -8.543336583969987630e-02 1.139873913043337600e-01
1.709199999272823334e+01 6.354281384320326076e-02 5.941596628721255297e-02 7.477665099943398008e-02 6.320789295395910778e-02 -3.179035288415164168e-02 5.753783204716422101e-02 2.477593722936391810e-02 5.269266933579244000e-02 1.313050491878495207e-01 1.166731087266520556e-01
1.715600000321865082e+01 -8.995713157506007168e-03 5.852546316012279676e-02 -3.257154157177002268e-02 5.541591815591513648e-02 1.730290521227966297e-02 5.194770379203998006e-02 4.041222209473998433e-02 5.139518879728838252e-02 1.614787257774362092e-02 1.087942240376042202e-01
1.721999999880790710e+01 -1.195276208842528803e-01 5.793846829731413850e-02 8.796026966816943753e-04 6.231692390825713940e-02 -3.869236796056418123e-03 6.043263207213517285e-02 -1.740004378638624824e-02 5.250470203662112312e-02 -1.399172987700138537e-01 1.168294135444786497e-01
1.728399999439716339e+01 5.223574453446828969e-02 5.670276623238252461e-02 -1.196923983779344530e-01 5.672691462671376750e-02 -9.150512363858501197e-02 5.752439923153823687e-02 1.388665578930122456e-02 5.132458099865040008e-02 -1.450751216927499421e-01 1.112493400569509600e-01
1.734800000488758087e+01 2.437689809077547148e-02 5.754723726787210059e-02 -5.775944452841342419e-02 5.705083603014626109e-02 5.804313700238185325e-02 5.283583711952919565e-02 2.674767965824655439e-02 4.707126334023426645e-02 5.140827022299045146e-02 1.075816523644738537e-01
1.741200000047683716e+01 7.538130403722215211e-02 5.934206763314403554e-02 -1.138566703874715202e-01 5.751195033631102682e-02 -9.207502913046929083e-02 5.935203708793852784e-02 7.064757671659563365e-02 5.656450990116488470e-02 -5.990281876412303919e-02 1.164101091370932373e-01
1.747599999606609344e+01 -4.527267758273402498e-02 6.136516845268985554e-02 -3.885688163681521885e-03 5.866679621021819724e-02 -7.319108671242956221e-02 5.495009652668168126e-02 -3.795894026739938393e-02 5.376002301557715468e-02 -1.603083927262445030e-01 1.145300399883161374e-01
1.753999999165534973e+01 1.329687272978738177e-01 5.922164696356197605e-02 8.501520915402521403e-03 5.584871113918007945e-02 1.481952071721538422e-01 6.165068581389895885e-02 -1.994565890555213480e-02 5.012216310210115128e-02 2.697197964798780934e-01 1.137511331826723399e-01
1.760400000214576721e+01 -5.073875190313825723e-02 5.849190266305460961e-02 4.517442854394175533e-02 5.689164147534628985e-02 5.105831984217979597e-02 5.665219033315280900e-02 -9.379027549771482009e-02 5.108151804113443550e-02 -4.829627901473152601e-02 1.116993898901605942e-01
1.766799999773502350e+01 7.019382618503970661e-02 5.946383620840477863e-02 1.619048636340521263e-02 6.081246293556534510e-02 5.814388537364305332e-02 5.685129382961845446e-02 -2.360464884496047550e-02 5.105499713648870008e-02 1.209235490771275179e-01 1.143362838630763850e-01
1.773199999332427979e+01 -2.072961648780839716e-02 5.555379826630957307e-02 -3.315915795718317460e-02 6.275557678765815439e-02 1.095460745563205662e-01 5.870569517101231066e-02 -6.900669514435670178e-03 4.746911705212232546e-02 4.875663059689332168e-02 1.128014301282806719e-01
1.779600000381469727e+01 1.848945007678317876e-01 5.818643544478852014e-02 -5.140838240125753661e-02 6.282329835295391574e-02 -7.986410970830917777e-02 5.703943304143572340e-02 -1.480251196636097949e-03 4.587837233922089503e-02 5.214175746162898195e-02 1.126532292297891535e-01
